ep	l2	l3	l4
0	2.56336	2.9884	2.99545
1	2.09132	2.45018	2.99054
2	1.42336	2.17406	2.98844
3	1.38528	2.00477	2.98381
4	1.34031	1.86043	2.7022
5	1.3205	1.6959	2.35043
6	1.29494	1.58872	2.12515
7	1.271	1.51616	1.98488
8	1.26831	1.44206	1.84345
9	1.24961	1.39808	1.74918
10	1.23384	1.3513	1.65659
11	1.21899	1.32803	1.56441
12	1.21105	1.29598	1.52028
13	1.20133	1.30886	1.45225
14	1.19761	1.27761	1.41778
15	1.18478	1.26724	1.37877
16	1.37163	1.25114	1.35137
17	1.18398	1.23452	1.33493
18	1.17586	1.22735	1.37931
19	1.17624	1.21377	1.30676
20	1.17086	1.20476	1.28669
21	1.16204	1.26368	1.27562
22	1.15789	1.20088	1.26784
23	1.17474	1.19103	1.25677
24	1.15778	1.18069	1.24572
25	1.15729	1.17489	1.23474
26	1.15438	1.16721	1.22676
27	1.14601	1.16273	1.21396
28	1.1464	1.15771	1.20629
29	1.14345	1.16764	1.20591
30	1.14981	1.1567	1.21005
31	1.14658	1.15254	1.19379
32	1.14027	1.14621	1.18642
33	1.138	1.14126	1.18849
34	1.13503	1.15675	1.18082
35	1.13708	1.13358	1.17677
36	1.13314	1.13404	1.17575
37	1.13007	1.13247	1.16781
38	1.1285	1.12685	1.16965
39	1.1278	1.12387	1.17407
40	1.12279	1.12105	1.16451
41	1.12017	1.11905	1.15745
42	1.12111	1.117	1.15575
43	1.11989	1.12956	1.15261
44	1.12082	1.11158	1.15244
45	1.11538	1.11352	1.15036
46	1.16116	1.11249	1.14241
47	1.11601	1.10856	1.14433
48	1.1132	1.10766	1.16666
49	1.11532	1.10592	1.13803
50	1.11281	1.10195	1.1347
51	1.10987	1.11384	1.13405
52	1.1094	1.10304	1.1336
53	1.11328	1.10141	1.13266
54	1.10996	1.09846	1.12695
55	1.10895	1.09743	1.12768
56	1.1083	1.09628	1.12453
57	1.10616	1.09603	1.12253
58	1.10629	1.09418	1.12032
59	1.10593	1.10407	1.12111
60	1.12163	1.10302	1.14474
61	1.11997	1.10227	1.12866
62	1.11199	1.09717	1.12455
63	1.11056	1.0988	1.12934
64	1.11	1.10747	1.12463
65	1.11136	1.09516	1.12278
66	1.10881	1.09547	1.12331
67	1.10686	1.09505	1.12026
68	1.10594	1.09321	1.12171
69	1.1062	1.09123	1.1233
70	1.10437	1.091	1.11966
71	1.10333	1.08969	1.11633
72	1.1039	1.08925	1.11529
73	1.10333	1.09526	1.11447
74	1.1038	1.08752	1.11378
75	1.10145	1.08881	1.1139
76	1.11245	1.08781	1.10997
77	1.10125	1.08624	1.1117
78	1.10026	1.0858	1.11937
79	1.10179	1.08512	1.10843
80	1.09988	1.08337	1.10707
81	1.09881	1.08936	1.1062
82	1.09864	1.08346	1.10702
83	1.09943	1.08271	1.10704
84	1.09911	1.08164	1.10461
85	1.09829	1.0812	1.10514
86	1.09774	1.08132	1.1037
87	1.09719	1.08107	1.10316
88	1.09691	1.08008	1.10225
89	1.09715	1.08367	1.10253