ep	l2	l3	l4
0	4.65969	19.18802	19.31466
1	4.32626	11.25079	19.24864
2	4.04521	8.56011	19.19319
3	3.8861	7.2252	19.1297
4	3.71108	6.26197	14.52182
5	3.65035	5.30474	10.2108
6	3.55552	4.76864	8.14724
7	3.47383	4.42795	7.06636
8	3.45996	4.10924	6.16115
9	3.40359	3.93936	5.61779
10	3.34663	3.76397	5.12194
11	3.30083	3.67569	4.66132
12	3.278	3.55233	4.45932
13	3.24345	3.62338	4.16666
14	3.24078	3.49003	4.02414
15	3.18739	3.45855	3.87573
16	3.87644	3.40784	3.76271
17	3.19686	3.34988	3.7081
18	3.16711	3.32847	3.89288
19	3.17457	3.28264	3.5957
20	3.15631	3.25128	3.52307
21	3.11819	3.45422	3.49069
22	3.1039	3.25116	3.46505
23	3.17611	3.21289	3.4317
24	3.11481	3.18112	3.38728
25	3.1117	3.16039	3.35579
26	3.10503	3.13695	3.32388
27	3.07355	3.12708	3.28778
28	3.07692	3.11218	3.261
29	3.06412	3.15079	3.26479
30	3.09528	3.11064	3.2745
31	3.0777	3.09279	3.22209
32	3.06268	3.07465	3.19491
33	3.05084	3.06113	3.20795
34	3.03701	3.11251	3.18297
35	3.05313	3.03627	3.17107
36	3.03832	3.03891	3.17013
37	3.02972	3.03272	3.13803
38	3.02028	3.01293	3.15267
39	3.02476	3.01007	3.17114
40	3.00396	3.00388	3.14095
41	2.99936	2.99485	3.11367
42	3.0052	2.98498	3.10769
43	2.99805	3.03791	3.09983
44	3.00924	2.9701	3.09974
45	2.98391	2.97894	3.097
46	3.13877	2.97765	3.06674
47	2.9919	2.96482	3.07825
48	2.98098	2.9643	3.15732
49	2.99308	2.95685	3.05237
50	2.98218	2.94167	3.04086
51	2.96779	2.98373	3.04208
52	2.96424	2.95461	3.04225
53	2.98622	2.94423	3.04225
54	2.97376	2.93658	3.02037
55	2.96804	2.93219	3.02579
56	2.96681	2.92864	3.01168
57	2.95975	2.93096	3.01116
58	2.95941	2.92535	3.00167
59	2.9575	2.96092	3.00634
60	3.01206	2.95297	3.07343
61	3.0009	2.94707	3.02709
62	2.98092	2.9328	3.01015
63	2.9712	2.93713	3.03007
64	2.96577	2.96694	3.01491
65	2.97876	2.92531	3.01061
66	2.96815	2.92852	3.01235
67	2.96344	2.92556	2.99826
68	2.95631	2.91743	3.00867
69	2.96176	2.91635	3.01536
70	2.95193	2.91751	3.00664
71	2.95127	2.91122	2.99217
72	2.95542	2.90744	2.98806
73	2.95147	2.9366	2.98775
74	2.95852	2.90226	2.98486
75	2.94579	2.90912	2.98891
76	2.98611	2.90707	2.97244
77	2.94814	2.90156	2.98214
78	2.94389	2.90259	3.01014
79	2.95334	2.89883	2.96695
80	2.94443	2.89057	2.96193
81	2.93748	2.91373	2.96115
82	2.93522	2.89774	2.96509
83	2.94399	2.89174	2.9662
84	2.94204	2.88928	2.95724
85	2.93721	2.88706	2.9599
86	2.9359	2.88762	2.95241
87	2.93542	2.8891	2.95499
88	2.9328	2.88665	2.95009
89	2.93358	2.9004	2.95169
