ep	l2	l3	l4
0	17.329	24.841	33.177
1	16.728	23.999	33.265
2	16.644	23.872	32.644
3	16.684	23.785	31.964
4	16.591	23.785	33.247
5	16.475	23.724	32.64
6	16.46	23.694	31.94
7	16.46	23.921	32.005
8	16.464	24.626	31.959
9	16.461	24.717	31.944
10	16.465	24.743	31.959
11	16.458	24.622	31.88
12	16.448	24.625	31.86
13	16.444	24.631	32.013
14	16.451	24.791	31.702
15	16.453	24.647	31.591
16	16.74	24.328	31.628
17	16.699	24.641	31.572
18	16.701	24.714	31.771
19	16.704	24.676	31.602
20	16.702	24.653	31.604
21	16.707	24.639	31.673
22	16.722	24.62	31.849
23	16.723	24.611	33.093
24	16.702	24.622	33.119
25	16.685	24.638	33.083
26	16.674	24.721	32.172
27	16.678	24.749	31.92
28	16.68	24.742	32.057
29	16.677	23.811	32.075
30	17.323	24.861	33.553
31	17.032	24.328	32.071
32	16.915	23.965	32.024
33	16.946	23.842	32.17
34	16.557	23.786	32.111
35	16.067	23.749	32.181
36	16.011	23.763	31.991
37	15.985	23.77	31.775
38	15.995	23.769	31.64
39	16.038	23.955	31.609
40	16.063	24.148	31.609
41	16.067	24.14	31.585
42	16.008	24.122	31.563
43	16.032	24.145	31.671
44	16.051	24.133	31.658
45	16.027	24.134	31.875
46	16.0	24.123	32.122
47	15.961	24.12	32.095
48	16.022	24.111	31.991
49	16.034	24.127	31.98
50	15.992	24.152	32.102
51	15.973	24.159	32.183
52	15.981	24.155	32.092
53	15.984	24.172	31.984
54	15.978	24.178	32.012
55	15.968	24.203	32.101
56	15.981	24.208	32.136
57	16.157	24.178	32.073
58	16.159	24.346	32.023
59	16.158	24.208	32.068
60	16.752	24.541	33.554
61	16.119	24.236	32.458
62	16.238	23.949	32.481
63	16.587	23.892	32.372
64	15.83	23.747	32.391
65	15.804	23.77	32.392
66	15.802	23.754	32.362
67	15.843	23.752	32.362
68	15.81	23.698	32.393
69	15.806	23.751	32.344
70	15.827	23.734	32.34
71	15.826	23.712	32.339
72	15.774	23.708	32.333
73	15.827	23.7	32.32
74	15.823	23.716	32.333
75	15.839	23.76	32.322
76	15.784	23.734	32.292
77	15.819	23.74	32.376
78	15.857	23.783	32.391
79	15.846	23.725	32.306
80	15.874	23.714	32.313
81	15.889	23.727	32.228
82	15.795	23.701	32.373
83	15.945	23.692	32.334
84	16.007	23.709	32.324
85	15.998	23.706	32.34
86	15.995	23.719	32.315
87	15.981	23.72	32.319
88	15.973	23.717	32.33
89	15.98	23.692	32.33