ep	l2	l3	l4
0	2.33147	2.96116	2.99506
1	1.9924	2.41629	2.98994
2	1.79156	2.15379	2.98465
3	1.66169	1.96588	2.6217
4	1.50136	1.77609	2.29016
5	1.42884	1.61545	2.12535
6	1.36234	1.50748	1.95411
7	1.33492	1.4464	1.8232
8	1.27947	1.36349	1.7062
9	1.26251	1.34155	1.60052
10	1.23503	1.28947	1.50835
11	1.23141	1.2686	1.45932
12	1.21651	1.23986	1.50533
13	1.19102	1.21645	1.39735
14	1.1867	1.20834	1.35905
15	1.16452	1.20063	1.33888
16	1.15235	1.18035	1.30113
17	1.14793	1.1692	1.27612
18	1.14	1.17071	1.2722
19	1.13515	1.16157	1.24638
20	1.12895	1.15036	1.22828
21	1.12279	1.14042	1.21864
22	1.11711	1.13423	1.21066
23	1.11497	1.12894	1.21268
24	1.10582	1.12458	1.20039
25	1.11208	1.11656	1.19126
26	1.12799	1.12197	1.17282
27	1.1048	1.11471	1.16779
28	1.10105	1.1134	1.17059
29	1.10838	1.10713	1.16408
30	1.11024	1.10518	1.16211
31	1.09674	1.09787	1.14991
32	1.09855	1.10929	1.14457
33	1.11733	1.09292	1.15845
34	1.09016	1.08971	1.13924
35	1.0916	1.08592	1.13143
36	1.08807	1.08805	1.13298
37	1.09682	1.09309	1.12544
38	1.08506	1.08135	1.1363
39	1.0853	1.08797	1.11767
40	1.08318	1.08154	1.11385
41	1.08737	1.07854	1.11717
42	1.08496	1.07536	1.11845
43	1.0802	1.07494	1.11071
44	1.08159	1.07639	1.10702
45	1.07821	1.07573	1.10976
46	1.07704	1.07288	1.10211
47	1.07664	1.07041	1.10148
48	1.07576	1.07365	1.10178
49	1.07415	1.07083	1.09991
50	1.07479	1.06908	1.09638
51	1.0733	1.06711	1.09442
52	1.07328	1.06805	1.0925
53	1.0726	1.06675	1.09981
54	1.07091	1.06712	1.09356
55	1.07212	1.0656	1.09232
56	1.07469	1.06586	1.08782
57	1.07098	1.06627	1.08695
58	1.07037	1.06549	1.08581
59	1.07155	1.06419	1.08668
60	1.09697	1.08093	
61	1.0807	1.07521	
62	1.08373	1.08506	
63	1.10529	1.07008	
64	1.0748	1.06901	
65	1.0768	1.0683	
66	1.07329	1.07038	
67	1.08147	1.07323	
68	1.07133	1.06552	
69	1.07238	1.06903	
70	1.07066	1.066	
71	1.07277	1.06426	
72	1.0718	1.06277	
73	1.06889	1.0631	
74	1.07012	1.06329	
75	1.06796	1.06231	
76	1.0678	1.06228	
77	1.06746	1.06089	
78	1.0673	1.06366	
79	1.06605	1.06096	
80	1.06716	1.06025	
81	1.06598	1.05972	
82	1.06619	1.06024	
83	1.06559	1.05931	
84	1.06529	1.06002	
85	1.06531	1.0595	
86	1.06638	1.05931	
87	1.06522	1.05966	
88	1.06474	1.05906	
89	1.06523	1.05873	