ep	l2	l3	l4
0	10.02466	18.6459	19.29804
1	7.12927	10.8658	19.22433
2	5.85319	8.40533	19.13618
3	5.16686	6.94208	13.40184
4	4.36952	5.75617	9.61522
5	4.0679	4.89523	8.13443
6	3.79985	4.40028	6.87675
7	3.71795	4.14802	6.03473
8	3.49885	3.80266	5.3827
9	3.4493	3.73684	4.8189
10	3.35185	3.54533	4.39377
11	3.35463	3.47195	4.1875
12	3.30765	3.36576	4.3892
13	3.21149	3.28981	3.94089
14	3.20631	3.27526	3.78851
15	3.13489	3.25114	3.72172
16	3.09215	3.17997	3.57676
17	3.08386	3.14708	3.48709
18	3.05475	3.15795	3.48404
19	3.04635	3.12656	3.3977
20	3.02667	3.09308	3.32792
21	3.0063	3.0572	3.30217
22	2.9909	3.034	3.27605
23	2.98855	3.02317	3.29533
24	2.95607	3.01599	3.25337
25	2.9814	2.98313	3.22396
26	3.03399	3.01077	3.15414
27	2.96097	2.9842	3.14173
28	2.94646	2.98402	3.15531
29	2.97479	2.96672	3.13432
30	2.97938	2.9538	3.12324
31	2.93102	2.93228	3.0844
32	2.94046	2.97938	3.06817
33	3.00943	2.91831	3.12107
34	2.9141	2.91103	3.05609
35	2.92135	2.89734	3.02912
36	2.90659	2.90991	3.04457
37	2.94294	2.92899	3.01563
38	2.89641	2.88497	3.05621
39	2.90339	2.91526	2.98673
40	2.89197	2.89376	2.97686
41	2.91427	2.88446	2.99179
42	2.90679	2.87039	2.99597
43	2.88458	2.8679	2.97408
44	2.89312	2.88107	2.95983
45	2.88143	2.87791	2.9744
46	2.8753	2.86558	2.94607
47	2.87618	2.85716	2.94092
48	2.86982	2.87448	2.9501
49	2.87042	2.86023	2.94435
50	2.87095	2.85791	2.92871
51	2.86587	2.8476	2.92491
52	2.86772	2.84637	2.92125
53	2.86671	2.84699	2.9496
54	2.85844	2.85144	2.92884
55	2.86499	2.84018	2.9236
56	2.87538	2.84983	2.90561
57	2.86371	2.84779	2.90346
58	2.8605	2.84795	2.90306
59	2.86579	2.84304	2.90567
60	2.94108	2.88374	
61	2.8855	2.86764	
62	2.89845	2.90841	
63	2.97455	2.85382	
64	2.87061	2.85291	
65	2.8795	2.84794	
66	2.86508	2.85943	
67	2.8988	2.8723	
68	2.85854	2.84118	
69	2.86668	2.8597	
70	2.8569	2.84862	
71	2.87101	2.84325	
72	2.86845	2.83553	
73	2.85334	2.83576	
74	2.86012	2.84309	
75	2.85289	2.83842	
76	2.85009	2.83565	
77	2.85072	2.82982	
78	2.84673	2.84478	
79	2.84738	2.83174	
80	2.84982	2.832	
81	2.84562	2.8269	
82	2.84811	2.82654	
83	2.84641	2.82643	
84	2.84335	2.83162	
85	2.84529	2.82451	
86	2.85082	2.83033	
87	2.8467	2.82948	
88	2.84491	2.82917	
89	2.84677	2.82684	
