ep	l2	l3	l4
0	26.652	40.687	55.006
1	25.538	38.182	51.277
2	25.4	38.165	50.547
3	25.387	38.095	50.466
4	25.385	38.122	50.435
5	25.379	38.089	50.336
6	25.367	38.066	50.591
7	25.36	38.037	50.99
8	25.823	38.042	50.919
9	25.234	37.991	50.911
10	25.399	38.024	50.916
11	25.448	38.078	51.05
12	25.493	37.858	50.926
13	25.466	37.745	50.423
14	25.489	37.789	50.875
15	25.491	37.8	50.878
16	25.497	37.877	51.01
17	25.493	37.911	50.289
18	25.467	38.038	50.304
19	25.449	38.268	50.281
20	25.449	38.089	50.46
21	25.463	37.385	50.941
22	25.475	37.401	50.871
23	25.467	37.518	50.946
24	25.463	37.562	50.89
25	25.484	37.557	50.89
26	25.479	37.55	50.878
27	25.386	37.504	50.889
28	25.37	37.528	51.124
29	25.39	37.632	50.946
30	26.068	39.267	54.49
31	25.244	38.384	51.612
32	25.155	38.127	51.313
33	25.027	38.12	50.756
34	25.002	38.205	50.616
35	25.142	38.242	50.557
36	25.176	38.195	50.876
37	25.153	37.902	51.135
38	25.159	37.599	51.335
39	25.17	37.793	51.102
40	25.168	37.329	51.111
41	25.176	37.351	51.129
42	25.211	37.494	51.192
43	25.168	37.641	51.041
44	25.182	37.87	50.83
45	25.158	37.948	50.82
46	25.405	37.87	50.792
47	25.631	38.009	51.019
48	25.034	38.273	51.067
49	25.35	38.329	50.968
50	25.754	38.232	51.172
51	25.458	38.123	50.982
52	25.036	38.037	50.943
53	25.067	37.928	50.981
54	25.041	37.915	50.938
55	25.464	37.933	51.005
56	25.305	37.968	50.959
57	25.069	38.035	51.089
58	24.882	37.775	51.182
59	24.791	37.468	50.879
60	26.328	40.11	
61	25.382	38.063	
62	25.335	37.762	
63	25.155	38.242	
64	24.941	38.269	
65	24.866	38.208	
66	24.853	38.229	
67	24.852	38.283	
68	24.856	38.248	
69	24.854	38.167	
70	24.875	38.183	
71	24.867	38.178	
72	24.851	38.735	
73	24.858	38.118	
74	24.894	38.12	
75	24.871	38.11	
76	24.929	38.071	
77	24.861	38.101	
78	24.87	38.11	
79	24.856	38.118	
80	24.86	38.084	
81	24.854	38.083	
82	24.864	38.074	
83	24.883	38.139	
84	24.873	38.125	
85	24.878	38.092	
86	24.863	38.081	
87	24.871	38.993	
88	24.874	39.007	
89	24.869	38.481	
