ep	l2	l3	l4
0	36.726	56.539	76.109
1	36.586	54.378	73.721
2	35.729	54.203	73.436
3	35.663	55.024	73.178
4	35.735	55.332	72.449
5	35.738	55.669	72.49
6	35.72	54.383	72.442
7	35.742	54.403	72.417
8	35.732	54.397	72.208
9	35.717	54.417	72.223
10	35.732	54.39	72.593
11	35.996	54.359	72.4
12	36.195	54.577	72.108
13	36.148	54.635	71.678
14	36.148	54.651	71.679
15	36.135	54.681	72.161
16	36.151	54.639	72.796
17	36.103	54.617	72.714
18	36.107	54.646	72.793
19	36.148	54.584	72.846
20	36.084	54.543	71.892
21	36.092	54.685	71.837
22	36.18	54.702	71.859
23	36.14	53.797	71.832
24	36.168	53.766	71.876
25	36.089	53.574	72.211
26	36.067	53.537	72.184
27	36.086	53.576	72.182
28	36.163	53.583	72.168
29	36.207	53.579	72.186
30	37.491	56.46	
31	36.494	54.604	
32	36.245	54.396	
33	36.177	54.299	
34	36.562	54.274	
35	36.364	54.458	
36	36.196	54.898	
37	36.117	54.222	
38	36.159	54.895	
39	36.136	54.517	
40	36.151	54.501	
41	36.17	54.513	
42	36.206	53.837	
43	36.126	53.667	
44	36.141	53.738	
45	36.103	54.289	
46	36.081	54.124	
47	36.16	54.23	
48	36.528	54.251	
49	36.722	54.217	
50	36.886	54.264	
51	36.1	53.74	
52	36.112	53.666	
53	35.672	53.685	
54	35.675	53.643	
55	35.687	53.666	
56	36.063	53.618	
57	36.039	53.631	
58	35.942	53.525	
59	35.639	53.467	
60	37.024		
61	36.396		
62	36.242		
63	36.104		
64	36.097		
65	36.067		
66	36.01		
67	36.607		
68	36.718		
69	36.114		
70	36.545		
71	36.192		
72	36.286		
73	36.522		
74	36.191		
75	36.033		
76	36.001		
77	36.009		
78	36.099		
79	36.034		
80	36.038		
81	36.014		
82	36.016		
83	36.008		
84	36.009		
85	36.004		
86	36.009		
87	36.002		
88	36.024		
89	36.0		
