ep	l2	l3	l4
0	9.67478	17.82761	19.35203
1	7.12896	10.1265	19.22711
2	5.63157	7.85295	16.84107
3	4.76	6.46491	12.54631
4	4.19414	5.32976	8.94202
5	4.00013	4.59023	7.947
6	3.69056	4.21718	6.81561
7	3.57274	3.89079	6.08918
8	3.39276	3.64741	5.24106
9	3.44562	3.50278	4.63162
10	3.40963	3.52438	4.3866
11	3.30845	3.32002	4.12671
12	3.2894	3.24438	3.83661
13	3.19583	3.2023	3.62858
14	3.15791	3.18828	3.58655
15	3.15314	3.15862	3.45113
16	3.10253	3.09682	3.37504
17	3.08184	3.0402	3.39574
18	3.06053	3.04829	3.31199
19	3.09702	3.00158	3.26846
20	3.02835	2.96996	3.23699
21	3.03006	2.97642	3.18898
22	3.0056	2.95498	3.16441
23	2.98642	2.98836	3.14455
24	2.95627	2.93858	3.09209
25	2.97322	2.94737	3.15994
26	2.9499	2.96416	3.05529
27	2.93534	2.91063	3.09663
28	2.93929	2.89388	3.04081
29	2.93348	2.88636	3.10692
30	2.93675	2.90978	
31	2.94101	2.95667	
32	2.92712	2.90432	
33	2.9153	2.90801	
34	2.90743	2.87957	
35	2.98501	2.87065	
36	2.91231	2.88353	
37	2.91625	2.87615	
38	2.88975	2.85991	
39	2.94358	2.85092	
40	2.90971	2.88479	
41	2.87917	2.84347	
42	2.89329	2.83763	
43	2.86577	2.84507	
44	2.8584	2.84436	
45	2.87482	2.84676	
46	2.86087	2.83643	
47	2.85567	2.82798	
48	2.85638	2.83328	
49	2.87513	2.82655	
50	2.84905	2.8227	
51	2.85447	2.82381	
52	2.84424	2.82208	
53	2.83932	2.83466	
54	2.83564	2.81837	
55	2.8468	2.82113	
56	2.83572	2.82934	
57	2.83116	2.80999	
58	2.8381	2.80624	
59	2.83136	2.80518	
60	2.86938		
61	2.88177		
62	2.8637		
63	2.8556		
64	2.85432		
65	2.92706		
66	2.87933		
67	2.87108		
68	2.84016		
69	2.88357		
70	2.86135		
71	2.83866		
72	2.84835		
73	2.83019		
74	2.8257		
75	2.84032		
76	2.83133		
77	2.82726		
78	2.82849		
79	2.83363		
80	2.82508		
81	2.83019		
82	2.82223		
83	2.82076		
84	2.81996		
85	2.82735		
86	2.81967		
87	2.81772		
88	2.82287		
89	2.81906		
