ep	l2	l3	l4
0	2.29904	2.91371	2.9952
1	1.99196	2.34102	2.98904
2	1.75467	2.08922	2.85366
3	1.58626	1.89101	2.55291
4	1.46043	1.70076	2.21894
5	1.40646	1.55095	2.10116
6	1.33109	1.46445	1.94707
7	1.2966	1.38466	1.83465
8	1.24676	1.32063	1.68211
9	1.25793	1.28091	1.55902
10	1.24755	1.28009	1.50353
11	1.21945	1.22632	1.44282
12	1.21242	1.20236	1.36917
13	1.18666	1.18673	1.3168
14	1.17494	1.18231	1.30307
15	1.1701	1.17037	1.26426
16	1.15414	1.15262	1.24052
17	1.1473	1.13497	1.24491
18	1.13899	1.13486	1.2207
19	1.14833	1.12065	1.20889
20	1.12855	1.10964	1.19618
21	1.12842	1.11013	1.18308
22	1.12085	1.10328	1.1741
23	1.11545	1.11121	1.16708
24	1.10679	1.09811	1.15158
25	1.11021	1.09888	1.16752
26	1.10254	1.10408	1.13897
27	1.0981	1.08849	1.14814
28	1.09814	1.08349	1.1356
29	1.09632	1.08132	1.15291
30	1.09952	1.08794	
31	1.09971	1.10115	
32	1.09512	1.08678	
33	1.09075	1.08576	
34	1.0883	1.07905	
35	1.1091	1.07472	
36	1.0888	1.0778	
37	1.08885	1.07648	
38	1.0817	1.07086	
39	1.09731	1.06852	
40	1.08574	1.07674	
41	1.07689	1.06621	
42	1.08073	1.06361	
43	1.07425	1.06465	
44	1.07241	1.06492	
45	1.075	1.06465	
46	1.0712	1.0621	
47	1.06967	1.05999	
48	1.06891	1.06044	
49	1.07411	1.05864	
50	1.06687	1.05756	
51	1.06772	1.05691	
52	1.06527	1.05624	
53	1.06411	1.05894	
54	1.06413	1.05542	
55	1.06615	1.05548	
56	1.06289	1.05752	
57	1.06183	1.05241	
58	1.0628	1.05167	
59	1.06081	1.05197	
60	1.07675		
61	1.07924		
62	1.07314		
63	1.07009		
64	1.06999		
65	1.08934		
66	1.07685		
67	1.07292		
68	1.06411		
69	1.07686		
70	1.06903		
71	1.06274		
72	1.06524		
73	1.06164		
74	1.06062		
75	1.06257		
76	1.06092		
77	1.05947		
78	1.05934		
79	1.06055		
80	1.05843		
81	1.05925		
82	1.0577		
83	1.05749		
84	1.05809		
85	1.05912		
86	1.05722		
87	1.0569		
88	1.05732		
89	1.05644		